[[    0     0     0     0     0     0     0     0     0     0     0     0      0     0     0     0     0]
 [    0     0     0     0     0     0     1     0     0     0     0     0      0     0     0     0     0]
 [    0     0     0     0     0     0    61     0     0     0     0     0      0     0     0     0     0]
 [    0     0     0     0     0     0   849    25    32     0     0     0      0     0     0     0     0]
 [    0     0     0     0     0     0   632    42    10     0     0     0      0     0     0     0     0]
 [    0     0     0     0     0     0  1224    60    16     0     0     0      0     0     0     0     0]
 [    0     0     0     0     0     0 62876  1821   907    13     0     0      0     0     2     0     0]
 [    0     0     0     0     0     2  7751  8365  1092    24     0     0      0     0     1     0     1]
 [    0     0     0     0     0     0  4858  3427  3020    34     0     0      0     0     2     0     0]
 [    0     0     0     0     0     0  1389  1377   662    42     0     0      0     0     1     0     0]
 [    0     0     0     0     0     0   484   196   589    10     0     0      0     0     1     0     0]
 [    0     0     0     0     0     0     0     0     0     0     0     0      0     0     0     0     0]
 [    0     0     0     0     0     0     0     0     0     0     0     0      0     0     0     0     0]
 [    0     0     0     0     0     0     0     0     0     0     0     0      0     0     0     0     0]
 [    0     0     0     0     0     0     0     0     0     0     0     0      0     0     0     0     0]
 [    0     0     0     0     0     0     0     0     0     0     0     0      0     0     0     0     0]
 [    0     0     0     0     0     0     0     0     0     0     0     0      0     0     0     0     0]]